5676
0	1	0
2	3	1
4	5	0
6	7	2
8	9	3
10	11	4
8	12	0
13	14	0
15	15	4
16	17	1
18	19	0
20	21	0
22	23	0
24	25	5
26	27	0
28	29	6
30	31	0
32	2	0
33	34	0
35	36	7
37	38	0
39	40	0
41	42	6
43	44	0
45	46	7
47	48	0
49	50	1
51	52	0
53	54	7
55	21	0
54	25	0
56	57	0
58	59	0
60	61	6
62	63	0
64	65	0
40	66	0
67	68	0
69	70	4
71	72	0
73	74	4
75	76	6
77	54	7
78	79	0
80	81	6
82	83	0
84	85	0
86	87	0
88	3	0
89	90	4
91	92	0
93	94	0
95	95	4
83	96	0
97	98	0
19	99	7
100	101	0
102	3	0
103	46	7
104	67	1
105	106	2
107	108	8
109	110	0
111	112	0
4	113	0
114	115	0
116	113	0
117	118	0
119	63	8
120	121	0
122	123	6
124	125	0
126	127	0
19	18	0
128	77	0
129	130	0
113	121	0
131	98	0
6	123	0
82	2	0
132	133	0
21	70	2
14	70	0
78	134	0
135	136	0
137	138	0
139	140	0
106	106	0
117	118	7
141	18	0
142	36	7
13	143	2
30	132	3
144	145	0
146	147	0
148	148	4
149	63	0
150	5	0
151	152	0
60	153	0
23	54	7
154	2	0
37	155	8
132	156	4
157	157	4
158	158	4
159	147	0
5	67	0
160	98	0
161	162	0
25	3	0
163	163	4
66	113	0
6	161	0
120	164	0
18	123	0
12	147	0
165	166	0
167	168	0
45	155	0
169	170	0
171	172	0
173	29	6
87	174	0
123	29	3
175	176	1
177	170	0
159	29	0
120	178	0
88	179	0
180	181	0
73	182	0
183	184	4
185	186	0
132	81	0
187	72	0
188	189	0
3	190	0
83	191	0
192	102	0
60	193	0
194	195	4
83	196	0
122	164	0
197	108	0
66	161	0
97	4	0
198	199	0
200	46	7
156	201	0
121	77	0
202	202	4
203	145	0
204	113	0
91	205	0
206	21	0
207	208	0
209	125	4
210	2	0
73	211	0
60	156	0
212	192	0
30	213	2
214	215	0
216	2	0
209	98	0
217	218	0
68	67	0
131	219	0
220	152	0
221	222	0
223	35	7
209	34	0
224	42	6
225	226	0
227	162	0
228	229	4
230	231	0
232	233	0
6	234	0
235	67	0
236	28	6
144	237	0
238	239	0
240	241	0
240	28	0
242	243	0
244	245	0
46	246	0
31	247	0
248	249	0
250	251	0
252	5	0
253	29	0
254	220	2
7	7	4
255	251	0
256	257	3
214	258	4
259	126	0
81	260	1
70	78	0
261	218	0
256	262	0
149	263	0
96	264	0
265	266	7
80	101	6
201	267	0
268	268	4
54	71	0
269	270	0
235	132	0
271	38	0
204	54	0
32	175	0
233	36	0
90	10	0
6	219	0
272	82	6
60	63	0
35	62	0
273	274	0
64	213	0
275	36	0
276	276	4
18	17	6
277	278	0
279	36	7
83	280	0
201	201	4
281	218	0
282	283	4
78	130	0
70	3	0
284	230	2
156	54	7
285	125	0
3	192	0
286	73	9
6	123	6
83	256	4
287	288	0
289	79	0
104	194	0
290	290	4
159	92	0
14	291	10
292	46	7
293	190	2
111	294	0
295	296	0
297	115	0
297	298	0
23	6	0
299	299	4
300	301	2
249	248	1
82	302	6
303	303	4
99	258	0
25	24	11
304	304	4
168	232	0
105	305	6
216	306	0
158	307	0
308	18	0
6	309	0
73	143	0
25	287	0
310	28	0
311	312	0
117	168	0
201	313	7
314	315	7
230	67	0
176	123	6
123	28	0
48	152	0
316	128	0
142	193	0
317	83	0
308	31	0
318	162	4
98	319	4
5	5	4
267	320	4
125	307	0
46	216	0
18	201	0
153	66	0
34	81	3
54	321	0
322	54	7
137	13	0
223	323	0
128	324	0
325	280	0
326	92	0
6	85	0
327	182	0
80	30	8
25	25	4
328	113	0
294	173	0
17	17	4
162	285	0
130	329	0
330	331	12
332	332	4
333	126	12
334	334	4
335	336	0
337	338	6
296	339	0
340	341	0
318	342	0
171	171	4
67	343	0
344	345	2
201	346	0
347	348	0
349	90	0
26	36	7
305	226	4
326	350	0
247	137	0
189	351	0
204	322	0
352	5	0
258	123	6
327	226	0
8	9	1
353	82	0
152	159	0
354	355	0
263	356	0
357	44	0
6	179	1
358	359	6
360	36	7
361	99	0
362	54	7
363	118	0
364	30	0
365	218	0
254	5	0
136	366	6
220	59	0
325	325	4
367	368	0
369	370	0
371	73	6
262	256	0
160	372	0
373	99	6
374	29	0
131	140	13
55	375	0
3	77	0
3	376	0
377	366	4
284	378	0
293	82	0
38	262	0
73	5	0
59	379	0
130	130	4
159	252	1
203	380	0
16	17	0
381	215	0
78	77	0
382	65	13
383	123	12
384	162	0
270	376	0
75	385	0
210	351	0
376	189	4
122	28	0
386	363	0
294	387	4
132	388	4
219	76	6
9	169	0
192	25	0
70	234	0
38	280	0
203	218	0
389	95	0
390	391	0
132	219	0
105	62	6
392	125	0
61	66	0
13	208	0
47	332	0
393	145	0
394	37	0
395	54	7
162	66	0
390	37	0
223	356	0
396	164	6
397	215	0
13	13	4
398	398	4
94	5	0
7	324	0
382	399	0
335	336	1
165	62	6
400	151	0
222	152	0
214	214	4
347	401	0
402	38	0
403	36	0
219	350	0
404	82	0
405	90	0
290	406	0
131	213	0
407	256	0
256	72	0
408	46	0
109	205	0
123	152	6
203	57	4
232	298	0
409	53	0
410	46	7
249	411	0
412	67	0
105	413	4
78	376	0
114	366	6
102	25	1
414	82	6
335	81	6
118	70	0
145	415	0
159	152	1
416	125	0
417	160	0
232	2	0
4	161	0
89	253	4
94	73	0
144	73	0
418	324	0
133	133	0
419	3	7
420	411	0
421	422	6
115	423	0
424	424	4
425	395	0
36	36	4
156	426	8
427	427	4
125	102	0
119	130	8
428	136	0
357	17	6
429	67	0
53	430	6
431	14	0
70	301	0
345	155	0
8	169	0
318	331	0
259	259	14
432	433	0
434	62	12
140	137	0
259	259	4
435	65	0
436	436	4
299	437	0
13	121	0
438	78	0
360	439	0
265	140	0
102	102	4
70	219	7
154	440	0
441	30	0
107	107	4
229	228	0
76	143	7
99	258	3
126	215	0
287	65	0
325	254	0
442	101	0
251	30	0
443	232	7
435	10	0
64	162	4
331	351	0
336	18	0
123	389	1
14	421	0
3	444	0
406	290	0
120	366	6
167	123	0
3	143	2
263	36	7
24	25	0
92	393	0
357	315	7
342	90	9
174	82	0
32	280	0
445	21	0
219	151	15
446	82	6
242	447	0
448	21	12
115	449	4
309	280	0
450	389	0
451	113	0
136	2	7
407	452	7
203	109	0
453	205	0
247	194	0
60	437	0
454	455	4
53	411	0
427	452	7
314	226	4
232	109	0
13	82	6
71	243	0
456	456	4
392	201	4
446	211	6
219	345	15
457	457	4
406	36	0
177	340	0
193	458	0
459	459	4
305	265	4
199	199	4
213	439	6
64	232	4
460	460	4
274	72	0
373	376	0
45	461	0
158	276	7
450	150	0
296	118	0
270	140	0
97	161	0
276	172	0
312	3	0
5	116	0
462	147	1
463	12	8
426	426	4
64	64	4
325	125	0
45	71	0
404	82	1
382	78	1
37	132	0
141	218	4
8	8	4
452	140	13
132	156	1
156	126	0
464	123	0
175	465	4
227	78	0
113	466	4
467	468	4
462	150	0
175	315	7
193	404	0
461	469	0
126	126	4
115	57	0
222	222	4
16	78	0
153	153	7
470	61	7
177	30	0
280	150	0
314	426	7
376	456	0
452	175	6
61	471	0
263	122	0
75	83	0
405	406	0
366	216	6
169	9	0
81	285	0
472	472	4
159	152	0
203	35	7
137	123	0
473	417	4
39	82	0
474	243	0
471	389	6
64	411	4
475	366	0
377	377	4
278	308	6
476	76	0
432	37	0
331	342	6
5	168	0
87	378	6
184	299	8
406	406	4
401	205	0
158	392	0
477	440	6
21	219	0
478	438	0
314	227	7
462	479	4
49	123	6
252	480	0
201	479	0
123	159	3
362	411	0
481	364	0
331	81	0
175	223	0
482	452	12
483	469	12
285	23	0
356	411	0
445	5	0
156	120	0
340	340	4
276	382	2
144	484	0
256	147	0
485	270	0
236	285	0
223	38	0
174	446	1
486	123	0
487	487	4
53	218	0
232	232	4
182	156	0
233	409	0
256	301	2
29	211	0
156	46	7
207	35	7
96	431	0
253	247	0
16	65	0
488	189	0
294	257	0
203	272	0
308	247	0
90	90	4
223	117	0
95	46	7
53	65	0
305	318	4
442	489	0
90	490	4
281	125	4
491	262	0
299	57	0
403	36	7
194	450	0
396	216	6
455	455	4
492	164	8
48	48	4
493	240	6
312	494	4
396	164	7
495	495	4
159	29	1
496	55	0
393	497	0
317	270	0
265	226	4
491	95	0
10	311	0
471	159	6
37	498	8
82	82	4
134	179	7
477	477	4
438	198	0
261	256	0
499	54	0
60	61	0
14	367	0
378	500	16
321	192	6
201	160	4
501	502	0
249	232	0
161	162	4
318	182	0
503	54	2
276	456	0
386	315	7
225	378	0
196	351	8
504	430	6
198	191	0
505	356	0
506	362	0
507	507	4
508	331	0
152	226	0
265	313	0
473	417	0
123	182	0
509	147	0
318	263	0
105	404	0
145	145	4
232	64	1
66	123	0
510	510	4
505	382	0
405	38	0
256	261	0
336	511	7
39	320	0
293	23	1
415	81	0
512	512	4
13	513	0
32	122	1
409	514	0
427	153	7
4	39	0
83	366	0
313	313	4
201	160	0
210	122	0
95	178	0
69	72	2
406	405	4
52	53	0
21	515	17
516	228	18
190	64	0
117	215	7
517	349	0
60	117	0
183	10	4
220	121	0
104	152	0
518	40	0
519	159	0
109	452	0
227	73	0
520	521	4
367	145	0
438	438	4
522	123	0
262	261	4
49	49	4
117	188	0
99	218	0
523	524	0
305	159	0
64	36	0
525	57	0
64	153	7
456	376	0
334	526	0
527	527	4
528	34	0
339	9	3
529	122	0
115	298	0
427	201	0
331	530	0
105	260	0
156	431	4
357	17	3
39	40	4
242	523	0
72	98	0
531	532	2
356	57	0
125	160	0
533	533	4
447	513	0
119	277	0
413	84	4
87	298	0
2	67	0
476	155	0
500	82	0
455	534	0
453	535	0
94	536	0
198	280	0
156	263	0
61	159	6
537	261	0
102	538	19
232	145	0
160	65	0
299	183	0
95	121	0
386	298	0
233	539	0
540	541	8
393	69	0
542	542	4
123	123	4
136	29	6
404	34	0
159	152	3
329	136	0
82	366	0
34	65	0
369	369	4
485	73	0
384	502	0
6	7	0
173	543	6
212	229	0
9	9	4
115	161	0
544	202	0
185	122	0
278	121	0
111	36	7
184	299	0
174	219	0
239	36	7
545	546	0
327	465	0
384	82	0
336	336	4
230	301	0
29	205	0
99	18	0
87	123	0
219	168	15
396	164	2
547	30	0
175	28	1
287	57	0
412	548	0
549	550	0
551	40	0
6	280	0
139	345	0
64	492	4
177	263	0
467	249	0
22	22	4
136	61	7
69	54	0
63	117	0
189	67	0
227	227	4
552	349	0
357	332	0
331	320	0
553	290	0
415	237	0
6	30	0
60	28	0
369	62	0
140	313	0
554	366	7
325	376	0
273	64	0
79	263	0
265	313	7
126	362	0
311	311	4
555	122	0
519	233	0
309	409	4
199	116	0
241	492	0
197	13	0
556	73	0
60	21	0
464	378	6
4	154	0
13	107	0
70	215	0
13	116	0
425	54	7
151	109	6
16	17	3
198	198	4
96	36	0
117	59	4
320	39	0
302	263	0
22	219	0
14	480	0
557	415	0
245	72	0
233	233	4
522	558	0
61	318	0
339	8	3
189	30	0
544	35	7
538	54	0
333	318	0
214	351	0
111	457	0
331	419	6
120	143	2
154	559	0
560	104	0
561	324	0
151	121	0
254	480	0
208	147	0
562	492	0
231	6	0
83	214	8
413	28	0
356	46	7
563	63	0
185	185	4
130	226	0
427	426	7
438	237	0
400	219	0
279	182	0
564	233	0
230	266	4
565	65	0
327	308	0
284	284	4
235	302	0
59	376	0
252	238	0
114	42	6
566	270	0
159	54	0
428	78	0
274	151	0
567	567	4
272	28	6
346	46	0
73	162	0
294	515	0
98	280	0
219	421	20
568	40	0
293	81	0
37	394	0
236	569	0
253	253	4
54	54	7
119	450	0
327	432	0
374	221	0
137	247	0
7	57	0
31	29	0
382	570	4
54	216	6
386	297	4
90	126	0
571	571	4
327	29	0
572	5	0
61	471	1
573	573	4
472	88	9
6	66	0
94	287	0
206	521	0
107	243	0
347	39	0
519	513	0
96	291	0
574	152	6
156	201	1
232	575	0
126	311	0
9	34	0
16	409	0
219	178	15
67	66	0
117	141	0
162	318	0
241	28	0
442	461	0
543	576	0
438	79	0
165	156	0
18	78	0
460	63	0
357	182	0
466	362	0
235	548	0
240	29	6
574	152	8
81	101	0
174	538	0
184	63	0
567	263	0
37	385	0
177	44	0
228	228	4
440	73	6
249	248	3
337	162	0
30	81	7
451	73	0
404	5	0
577	118	0
287	94	0
578	21	0
491	496	0
314	218	0
164	396	4
19	16	0
201	340	0
541	392	0
579	219	0
147	150	16
293	580	0
581	198	0
140	315	7
465	29	0
384	28	8
109	175	6
570	240	6
565	36	7
201	227	7
333	112	0
415	236	0
119	95	0
42	205	0
341	396	0
69	54	2
582	440	0
364	481	4
12	12	4
583	23	0
584	584	4
160	125	0
452	118	0
585	376	0
201	241	0
61	459	6
488	189	12
586	431	0
297	118	7
587	587	4
148	82	0
134	208	0
126	588	0
500	230	0
365	365	4
8	118	7
159	589	0
154	201	0
414	28	6
471	277	0
294	111	0
119	119	4
92	385	0
222	226	0
491	590	0
92	92	4
591	213	0
79	123	0
592	123	8
317	232	0
46	346	0
97	593	0
523	113	0
305	165	0
420	141	0
70	4	0
67	412	0
18	65	0
8	339	0
353	565	1
356	77	0
193	142	4
454	479	4
594	118	0
111	63	0
275	275	4
87	132	0
577	322	18
595	46	7
97	198	0
150	147	4
233	450	0
596	596	8
266	266	4
25	54	0
362	205	0
316	597	0
222	79	0
598	497	0
423	535	0
161	66	0
585	298	0
384	272	2
599	159	6
320	267	0
561	240	0
49	600	0
131	461	0
329	61	0
25	118	0
331	129	0
601	322	4
187	178	21
116	5	0
293	219	0
328	21	4
456	602	8
254	280	0
547	547	4
233	457	0
568	93	0
6	175	6
57	376	0
308	596	0
130	125	0
95	603	7
175	175	4
562	28	0
345	515	9
159	604	0
147	46	7
305	467	0
523	523	4
261	369	8
605	222	0
8	169	1
96	452	0
19	60	1
537	261	12
60	97	0
192	28	0
105	60	6
606	577	0
127	127	4
607	607	4
333	270	0
162	384	0
608	608	4
232	447	0
115	385	0
393	156	0
609	598	0
360	40	0
126	126	7
427	156	0
134	134	4
175	69	0
249	77	0
51	376	0
337	559	6
296	118	7
132	346	0
571	276	0
118	349	0
531	184	6
82	123	6
73	236	0
2	343	0
339	9	0
261	473	0
12	532	2
247	219	0
235	263	0
187	280	0
364	364	4
9	153	7
230	147	0
378	467	2
249	467	3
331	194	0
610	152	0
125	492	0
122	122	4
238	78	0
611	28	0
60	479	0
212	559	6
331	159	6
31	31	4
22	196	0
203	513	4
193	141	0
159	520	0
236	567	4
177	5	0
612	168	0
613	159	6
477	27	0
35	62	18
115	384	0
614	369	0
54	73	0
118	97	0
238	615	0
515	616	0
111	123	0
236	96	0
117	162	0
357	305	1
256	340	2
110	71	0
475	362	0
617	617	4
618	83	12
27	603	7
515	619	0
166	42	0
620	12	0
55	46	7
64	94	4
201	107	0
393	96	0
621	251	0
385	31	0
174	174	4
380	380	4
411	280	0
105	165	0
124	378	0
177	169	0
526	220	0
622	351	0
515	345	1
383	123	8
623	235	0
615	615	4
181	67	0
568	261	0
429	5	0
12	376	0
156	600	0
417	417	4
61	78	1
47	151	0
29	123	0
431	285	0
624	624	4
151	132	0
483	625	0
430	430	4
626	513	0
627	147	0
369	5	0
570	241	0
151	519	4
314	79	4
350	219	1
219	247	22
442	249	0
425	5	0
305	70	0
32	162	0
56	423	0
499	538	0
565	522	0
224	224	4
121	5	4
423	121	0
608	133	0
364	339	0
393	278	1
526	526	4
161	301	0
110	380	3
252	376	0
628	46	7
140	102	0
32	201	0
592	465	16
499	54	9
31	201	0
50	476	4
629	54	7
630	630	4
110	340	0
261	99	0
61	18	1
14	54	0
38	99	0
34	404	6
16	105	0
122	147	0
574	574	4
376	156	0
357	16	0
46	318	4
151	478	0
61	97	0
132	162	4
617	457	0
631	499	0
557	236	0
156	632	0
161	121	0
58	30	0
122	65	0
427	66	0
327	522	6
23	350	0
203	13	0
12	59	0
21	345	22
4	70	0
192	356	0
206	9	0
357	161	0
155	300	0
168	575	0
385	159	6
462	5	0
365	313	7
37	37	4
143	248	0
14	70	1
493	247	0
403	299	0
34	101	0
570	99	8
226	314	0
350	219	0
522	159	0
510	34	0
159	222	0
123	188	0
224	633	0
117	51	0
308	18	3
115	132	0
105	54	0
305	81	0
177	73	0
203	59	0
201	54	7
425	378	0
18	141	0
38	134	0
26	431	0
425	122	0
70	150	0
113	360	0
532	634	23
530	582	0
149	65	0
635	636	0
161	451	0
637	198	4
229	219	0
347	638	0
457	378	6
376	153	7
126	70	0
639	640	0
318	247	0
407	407	4
641	81	0
189	5	0
116	416	0
159	263	0
329	60	6
14	515	0
162	556	0
268	198	0
159	123	0
193	193	4
642	642	4
178	394	0
643	511	7
422	28	0
222	263	0
192	192	4
84	39	0
219	205	20
178	437	7
162	5	0
32	123	6
263	162	4
403	184	0
644	125	0
357	141	0
270	456	4
575	109	0
89	5	4
645	0	12
184	164	6
117	152	4
646	646	4
321	5	0
647	469	12
216	213	0
249	232	3
450	34	0
610	483	24
428	19	0
257	218	0
376	59	0
578	219	0
305	226	0
558	65	0
174	3	0
132	140	0
306	306	4
124	596	0
382	382	5
648	461	0
266	116	0
113	156	0
162	513	0
649	177	0
228	164	6
285	113	0
28	123	0
156	23	0
136	366	0
220	247	0
324	312	0
650	473	0
524	21	7
40	153	0
1	40	0
203	55	0
78	78	25
412	384	0
369	184	0
296	571	7
136	445	0
368	241	12
226	147	0
113	127	0
78	152	4
209	153	7
110	110	4
520	589	4
123	55	0
563	34	7
378	464	0
412	205	6
337	21	0
82	126	0
467	232	0
67	315	7
159	29	3
392	118	7
149	480	0
191	23	0
5	395	4
48	79	0
13	280	0
384	414	1
21	402	6
324	378	0
109	155	0
263	243	0
178	187	4
228	196	4
43	90	0
201	324	0
392	116	0
123	29	0
349	64	0
61	141	0
53	619	0
224	140	0
93	99	0
455	5	0
213	82	6
596	162	0
651	651	4
220	110	0
488	113	0
13	42	6
474	431	12
626	619	0
13	291	0
562	411	0
83	475	4
139	224	4
618	490	0
85	40	0
157	652	0
278	128	0
649	315	7
551	23	0
280	98	4
232	497	0
457	133	1
256	300	0
312	50	0
331	342	0
7	205	0
247	114	0
39	1	0
99	99	4
279	107	8
428	117	0
468	233	0
552	322	8
549	549	4
201	280	3
102	212	0
413	66	0
254	254	4
123	159	1
585	232	7
126	196	0
154	70	0
321	341	0
340	39	0
110	57	0
208	232	7
491	208	0
123	159	0
220	9	0
3	253	0
236	73	0
239	142	0
40	473	0
538	629	0
495	71	0
496	653	0
291	42	6
654	205	0
278	338	6
655	214	0
322	315	7
214	118	7
387	66	0
656	574	0
657	657	4
378	464	6
378	284	16
540	57	0
80	658	0
159	116	0
158	35	7
177	659	0
549	153	7
151	424	0
660	222	4
491	285	0
305	137	4
309	77	4
141	468	4
70	175	0
29	656	4
594	594	4
62	38	0
29	656	0
46	54	4
387	153	7
379	182	0
160	125	1
395	499	0
60	60	4
189	301	0
21	328	4
210	621	0
358	82	6
169	177	8
40	39	0
289	496	0
5	21	0
187	366	0
125	77	0
161	209	0
272	384	0
219	23	0
431	113	0
661	661	4
29	522	0
305	184	0
232	152	0
662	36	7
24	186	6
242	242	4
277	277	4
16	16	4
616	532	2
146	213	0
327	327	4
194	194	4
663	28	0
559	341	0
147	162	0
105	121	0
151	237	0
102	14	6
496	360	1
428	61	0
149	389	6
557	120	0
327	2	0
664	273	0
147	620	16
596	131	0
404	305	0
551	97	0
162	318	4
665	16	0
91	69	0
223	363	7
252	226	0
232	115	0
567	236	0
306	385	0
263	263	4
249	305	0
99	120	6
263	315	0
61	201	0
38	308	6
365	626	0
8	339	3
666	331	0
667	667	4
668	668	4
159	35	7
669	114	0
429	429	4
206	107	0
629	82	6
670	236	0
115	513	0
522	464	0
219	54	15
671	73	6
78	305	0
672	237	0
596	81	0
123	152	0
13	108	0
90	118	0
53	274	0
636	23	0
214	673	8
308	99	0
136	586	0
570	382	0
137	28	0
393	550	0
223	360	4
71	161	0
82	272	22
360	282	0
674	8	0
144	270	0
525	118	0
457	230	0
93	675	0
648	648	4
676	36	7
297	386	0
141	308	0
242	431	0
625	105	0
570	382	4
199	362	0
237	378	0
677	677	4
570	301	0
201	370	0
678	678	4
164	377	0
3	88	19
401	77	0
170	144	0
416	30	0
496	193	0
679	349	0
674	168	0
325	502	0
59	240	0
13	279	0
658	21	0
37	298	0
219	376	0
374	374	4
238	56	2
236	65	0
404	116	0
287	36	7
67	116	0
99	65	0
75	502	0
291	108	0
97	291	8
214	99	0
404	97	0
416	577	7
13	446	19
42	427	0
348	348	4
318	376	0
189	113	0
42	29	6
223	158	0
201	298	0
549	366	0
149	158	0
219	81	1
625	625	4
680	241	12
244	244	4
624	331	0
73	235	4
132	63	0
84	28	6
37	111	0
404	193	0
18	308	0
681	682	4
39	473	0
348	419	0
60	78	0
53	201	0
252	79	0
308	380	0
683	232	7
226	340	0
374	205	0
32	427	0
109	582	0
331	179	6
82	18	0
416	5	0
625	263	10
125	150	0
432	235	0
619	72	0
554	31	0
318	142	0
450	98	0
319	114	0
69	341	0
6	77	0
3	54	3
87	87	4
256	256	4
202	213	0
256	261	4
557	557	4
280	376	0
684	611	6
74	67	0
53	72	0
133	608	6
71	107	0
83	203	0
254	95	0
151	126	0
367	108	8
382	276	7
184	10	4
132	30	6
192	477	0
130	30	0
99	261	0
593	50	0
184	30	0
20	21	8
120	440	6
387	685	6
299	159	0
82	194	0
152	263	0
686	331	12
287	236	0
87	237	0
22	87	0
519	104	0
427	465	4
440	123	6
143	73	0
120	192	6
82	291	6
437	126	12
369	214	4
90	264	0
657	82	0
161	280	0
299	331	0
155	218	0
161	23	4
14	503	0
188	188	4
271	285	0
291	134	0
105	166	4
294	78	0
450	417	0
104	162	0
247	247	4
102	54	0
252	252	4
622	687	0
357	28	0
618	618	4
188	349	0
535	193	0
644	444	0
305	315	7
85	121	0
308	82	0
314	226	0
156	25	0
96	324	0
130	78	1
32	88	1
688	16	0
132	265	0
293	309	0
266	231	0
369	188	7
689	689	4
184	10	0
49	183	0
159	5	0
294	81	0
216	46	0
18	207	0
462	376	0
109	466	0
274	218	0
428	141	0
552	690	0
104	116	0
641	122	0
339	339	4
44	585	0
409	226	0
93	90	0
201	501	2
369	34	0
164	120	6
614	214	0
81	260	0
77	340	0
691	594	0
55	337	0
692	692	4
78	159	0
242	159	0
606	322	0
223	285	0
276	158	0
252	97	0
693	215	7
261	601	8
54	159	0
686	90	0
256	21	0
425	425	4
642	114	0
223	300	0
568	423	0
184	183	4
648	30	6
30	219	0
252	130	0
24	25	12
125	219	0
364	138	0
215	126	0
362	46	7
490	90	0
247	147	0
102	312	0
348	2	0
596	450	6
340	53	0
471	65	0
156	98	4
203	21	0
694	161	0
129	331	0
91	378	0
91	23	0
223	308	0
6	331	0
156	311	0
158	541	0
695	34	0
2	211	0
190	324	0
61	252	0
275	30	0
204	121	0
149	182	0
293	23	0
14	73	0
610	366	0
495	490	0
570	60	0
131	154	0
228	440	6
696	151	0
697	46	7
198	228	0
3	491	0
71	411	0
293	150	0
102	698	0
587	313	7
201	315	7
59	485	0
32	301	0
160	189	0
154	301	0
105	98	0
405	405	8
570	36	7
91	635	0
136	61	6
17	357	0
122	120	0
123	152	1
177	177	4
18	134	0
248	114	0
285	57	0
324	301	0
428	329	0
20	73	6
420	82	0
53	341	0
388	388	4
499	54	12
140	127	0
109	28	8
37	331	0
14	116	0
431	156	0
393	320	0
682	5	0
699	699	4
118	126	0
286	211	0
149	427	1
409	656	0
263	2	0
489	489	4
215	140	0
422	123	6
700	282	0
110	536	0
242	159	6
522	29	0
160	203	0
389	416	0
207	308	6
378	28	0
570	596	8
223	18	0
627	66	0
86	124	0
405	132	0
25	477	0
324	467	0
701	2	0
220	584	0
3	467	0
211	236	4
110	285	1
374	298	0
219	77	15
134	376	0
339	169	0
82	194	4
702	279	0
351	5	0
387	130	0
440	164	6
83	66	0
227	66	0
585	467	0
366	159	0
325	65	0
287	287	4
21	42	6
703	703	4
254	220	0
404	190	0
219	402	6
376	377	0
60	46	7
601	601	4
49	704	0
99	38	4
7	219	0
49	705	0
188	509	0
72	72	4
500	28	0
204	511	7
132	480	0
324	363	0
96	502	0
471	130	0
125	285	0
415	143	0
30	66	0
305	389	1
94	133	0
127	50	0
177	162	4
67	237	0
222	73	0
196	54	7
70	440	0
70	147	0
152	211	0
513	513	4
596	5	0
706	432	0
209	481	0
483	265	0
596	610	0
627	208	0
154	232	7
307	118	7
117	51	4
235	247	0
176	176	4
219	240	6
530	57	0
318	31	0
59	12	0
566	156	0
621	92	0
128	99	0
3	154	0
415	30	0
30	627	0
349	194	0
77	77	4
431	431	4
30	208	0
223	315	7
462	147	0
263	34	0
456	566	4
99	619	0
638	208	0
95	27	0
208	161	0
509	121	0
69	499	0
205	421	0
304	98	0
487	456	0
113	24	0
392	534	0
55	55	4
223	262	0
3	161	0
162	378	0
119	78	0
284	30	0
332	205	0
258	308	6
391	390	0
109	29	6
566	201	0
109	307	0
293	30	0
70	70	4
14	196	0
297	160	0
203	345	0
192	54	7
22	683	0
30	313	7
16	357	1
186	185	4
247	137	1
299	491	0
490	490	4
34	147	0
219	63	6
369	707	0
203	480	0
407	509	0
463	219	0
99	331	0
476	411	0
150	313	7
100	54	7
708	350	0
162	263	0
252	159	1
340	233	4
491	548	0
143	143	4
709	709	4
179	190	2
141	193	4
147	298	0
236	235	4
21	99	6
462	189	0
274	340	0
438	316	0
168	395	0
18	60	6
710	291	6
360	184	0
165	313	7
96	480	0
217	290	0
54	234	0
544	112	0
456	20	0
16	78	17
64	429	0
159	90	0
711	123	6
712	712	4
269	435	12
331	35	7
288	57	0
123	116	0
141	335	4
443	232	0
209	524	0
102	125	0
487	111	12
356	147	0
48	438	0
501	139	4
713	69	0
225	30	0
292	45	4
389	5	0
137	82	6
137	308	0
130	65	0
445	66	0
162	101	0
44	77	0
598	598	4
551	611	6
34	207	6
57	451	0
364	81	0
714	715	0
418	2	0
121	46	7
132	61	0
356	384	0
393	701	6
111	84	0
88	219	0
716	445	0
252	159	0
174	698	0
79	159	0
627	427	0
194	64	0
195	141	0
641	5	0
362	362	4
309	469	12
626	717	0
573	389	0
96	182	0
159	79	6
438	478	0
133	133	4
34	576	0
475	369	0
556	236	0
26	152	4
119	111	0
205	572	0
95	156	0
172	172	4
202	315	7
154	98	0
387	84	0
90	490	0
357	66	0
528	596	0
120	46	7
457	287	0
558	558	4
265	140	13
94	161	0
718	707	0
164	70	1
633	224	4
95	107	0
32	32	4
88	88	18
203	46	7
64	66	0
628	318	0
30	319	0
719	630	0
393	340	4
183	299	0
180	236	0
232	467	0
491	261	0
3	179	0
224	208	0
140	139	0
184	183	0
123	167	0
495	99	0
364	380	0
39	36	7
64	612	0
122	351	0
353	353	4
404	416	0
345	21	6
102	25	0
466	548	0
411	162	0
45	161	0
132	658	22
264	331	0
439	530	4
546	530	6
395	321	0
308	137	0
174	211	6
305	118	7
167	429	0
720	189	0
602	131	0
305	305	4
568	614	0
544	304	0
711	241	12
237	13	0
174	446	0
179	95	25
428	30	0
249	67	0
713	340	0
42	73	6
584	526	16
596	382	0
133	685	6
73	576	0
149	450	0
721	247	0
722	116	0
115	307	0
48	716	0
205	123	6
270	10	0
491	373	0
536	125	0
213	216	6
478	478	4
162	73	6
132	385	0
63	60	22
204	54	7
126	118	4
438	44	0
403	723	0
34	32	0
584	169	6
378	123	6
369	596	0
291	96	0
279	13	0
427	36	7
30	30	4
201	392	0
73	29	6
437	437	4
281	160	0
439	140	0
660	621	0
547	30	8
293	132	0
216	205	0
422	205	0
149	42	0
71	724	4
140	311	0
70	164	0
504	611	6
78	130	1
499	189	0
725	315	7
21	28	6
726	726	4
727	476	4
200	54	7
253	159	0
253	728	0
50	287	0
508	105	0
393	701	0
701	28	6
257	566	0
115	187	23
89	104	4
672	5	0
729	621	0
730	149	0
731	388	4
341	54	0
80	30	0
304	218	0
286	73	0
46	305	0
415	46	0
70	582	0
115	115	23
321	559	0
60	54	7
6	121	0
374	219	0
613	613	4
132	83	0
559	559	4
326	708	0
732	206	0
155	36	7
309	458	0
331	305	0
403	215	0
463	46	7
406	699	0
64	181	4
388	46	7
287	25	0
489	101	0
395	3	7
205	159	6
515	218	0
215	455	4
336	335	0
699	406	0
304	299	0
144	2	0
327	5	0
161	145	0
236	143	0
115	575	15
69	54	7
141	18	4
611	123	6
393	290	0
392	392	4
602	315	7
64	194	0
342	733	4
604	312	0
658	658	4
126	118	0
152	519	0
281	55	4
478	237	0
83	65	0
159	159	4
620	620	4
140	360	4
105	207	0
318	63	0
575	421	0
61	252	6
3	134	0
252	78	0
131	81	0
241	35	7
267	107	0
193	141	4
219	70	15
181	5	0
34	450	0
466	143	7
405	382	0
292	45	0
412	412	4
226	79	0
734	734	8
140	121	0
214	219	0
254	59	0
79	241	0
149	34	0
267	39	0
248	32	0
612	64	0
105	410	0
621	189	0
98	280	4
340	431	0
728	232	0
621	621	4
196	440	7
360	12	0
575	232	0
235	384	0
219	3	15
138	138	4
256	218	3
322	193	0
367	161	0
40	1	0
28	82	0
165	120	2
614	614	4
203	138	0
697	198	0
34	81	0
324	256	0
587	28	0
308	123	0
506	4	9
389	450	0
154	155	0
735	363	12
238	238	4
565	404	0
76	455	4
246	46	7
439	530	0
328	650	4
393	116	0
427	215	7
220	288	0
194	64	8
195	90	0
374	123	6
102	492	0
91	219	0
409	16	0
147	184	0
464	736	0
639	639	4
308	223	0
223	141	0
627	737	0
331	285	0
117	360	0
64	492	0
627	121	0
61	428	0
82	518	0
449	232	7
703	464	0
13	42	0
448	21	0
219	194	6
141	136	4
738	738	4
164	366	6
691	130	0
5	113	4
26	26	4
122	2	0
566	566	4
574	574	0
237	332	0
389	78	0
628	109	0
203	421	0
457	508	0
196	499	4
701	701	4
509	600	4
721	571	0
24	477	6
18	159	0
218	619	0
213	73	6
491	261	6
278	739	0
287	213	0
179	684	0
389	417	0
710	392	0
550	550	4
697	254	0
199	5	0
216	82	0
253	243	0
99	258	1
53	216	6
258	21	6
541	492	4
241	445	0
740	109	0
428	741	0
516	228	12
439	216	6
249	472	19
612	30	0
13	98	0
23	219	0
90	331	0
742	742	4
357	29	0
674	674	4
308	496	0
627	213	6
523	398	0
60	325	0
325	496	0
105	166	0
83	208	0
282	140	0
615	238	0
320	292	0
332	251	0
2	123	0
95	113	0
223	612	0
337	337	4
450	84	0
496	3	0
330	331	0
467	535	0
14	356	0
223	262	4
204	341	0
743	464	0
92	91	0
606	345	0
29	327	0
82	121	0
286	569	0
45	744	0
345	345	4
314	222	0
675	619	0
143	143	7
448	126	12
70	154	0
0	645	0
232	143	0
102	121	0
561	36	7
251	162	0
126	315	0
94	25	0
73	82	0
451	345	4
137	137	4
382	596	0
701	29	6
745	313	7
341	120	0
70	120	0
481	364	18
728	728	4
85	362	0
356	467	0
492	138	0
149	610	0
210	149	0
440	440	4
162	64	0
185	36	7
305	304	0
746	746	4
335	18	0
59	147	0
736	736	4
205	609	0
596	596	4
75	256	0
362	141	0
420	121	0
400	194	0
82	81	0
225	599	0
131	82	0
349	121	0
687	184	0
162	747	0
49	299	0
166	156	0
409	57	0
201	748	0
640	120	6
210	168	0
572	122	8
104	429	0
305	175	0
566	417	0
318	193	0
94	580	0
749	673	8
39	67	0
144	312	4
384	357	0
72	218	0
32	750	0
432	432	4
751	82	0
203	248	0
189	219	0
30	121	0
240	240	4
318	57	0
584	220	0
34	260	1
165	260	0
513	424	0
40	234	0
71	159	0
585	345	0
73	211	4
72	214	0
304	603	7
158	487	6
251	219	0
94	138	0
173	670	0
413	153	7
38	258	0
117	90	0
549	155	0
253	54	0
295	16	6
291	208	0
349	101	0
293	215	0
156	752	0
285	452	7
203	65	0
183	376	0
46	46	7
753	205	0
67	298	0
263	121	0
32	226	0
123	226	0
287	181	0
81	70	0
754	638	0
522	123	1
305	137	0
544	70	2
2	5	0
52	114	0
567	73	0
665	118	7
154	154	4
262	223	0
14	70	3
18	203	0
755	686	0
380	54	7
195	194	0
5	116	4
583	583	4
556	219	0
301	298	0
211	74	4
14	431	0
26	203	9
30	132	1
94	67	0
219	280	0
95	432	0
223	81	0
612	36	0
83	159	0
526	584	0
392	541	0
132	30	1
109	30	0
142	142	4
151	746	0
186	186	4
155	114	0
732	243	0
205	30	0
340	301	0
435	216	0
122	67	0
132	731	4
25	161	0
376	313	7
148	378	3
83	118	0
165	105	0
219	207	20
44	340	0
519	274	0
405	256	0
45	45	4
203	146	0
103	349	0
203	138	3
585	145	0
201	493	0
122	728	0
266	57	0
99	285	0
509	152	0
471	70	0
208	32	6
158	382	4
384	285	0
496	123	0
214	369	0
48	756	0
136	728	0
181	180	0
90	99	0
147	242	0
49	201	0
46	415	0
327	213	0
30	55	0
662	311	0
125	243	0
318	90	0
293	531	1
627	225	0
137	96	0
384	28	0
82	194	2
92	374	0
64	747	0
506	28	0
409	213	0
443	497	0
755	755	4
307	485	0
27	40	0
403	403	4
206	396	0
137	29	0
126	70	4
505	460	0
77	98	0
668	12	0
161	727	0
327	123	6
708	708	4
364	208	0
496	63	0
378	230	0
757	757	4
582	574	0
125	633	0
586	376	0
9	161	4
179	88	19
18	193	0
234	161	12
147	198	0
18	308	3
283	282	4
141	376	0
131	131	4
121	20	0
393	393	4
78	130	3
627	213	0
203	83	0
224	626	0
83	272	0
115	117	0
385	35	7
568	369	0
628	232	7
623	298	0
664	36	7
173	123	6
371	70	2
82	150	0
2	423	0
612	315	7
108	114	0
331	675	0
110	322	0
260	81	0
83	440	6
201	193	0
249	3	0
758	258	0
427	301	0
372	362	0
457	146	0
24	219	0
204	492	0
471	329	0
362	67	2
3	611	6
220	362	0
360	305	0
42	116	0
373	213	0
46	103	0
369	614	0
404	65	0
759	70	12
384	376	0
132	9	0
287	82	0
682	162	0
25	150	0
114	493	0
162	280	0
105	65	0
74	74	4
376	77	0
205	205	7
49	28	0
21	218	0
496	493	0
62	218	0
141	420	4
409	314	0
95	90	4
404	78	0
101	81	0
393	270	0
396	134	0
156	426	7
256	280	0
13	14	4
42	123	0
429	2	0
453	219	0
235	5	0
610	28	0
159	105	0
570	276	2
61	741	2
55	724	0
13	224	1
544	544	4
183	147	0
257	72	0
99	93	0
315	175	6
382	315	7
132	46	7
381	315	0
159	78	0
198	637	0
385	351	0
337	235	0
97	345	0
13	73	2
153	28	0
735	70	0
318	193	4
471	226	0
642	401	12
60	84	0
294	387	0
20	54	7
6	684	0
58	509	0
242	198	0
396	396	2
599	599	4
80	362	0
346	463	0
294	451	0
256	382	2
694	77	0
405	360	0
201	243	0
403	427	0
314	313	7
223	411	0
311	126	0
442	442	4
311	10	0
204	5	0
305	603	7
369	36	7
312	179	7
412	378	6
384	35	7
760	760	4
122	2	4
3	193	0
121	206	0
201	417	6
119	276	8
457	761	0
442	762	8
763	53	0
764	403	0
409	257	0
144	208	0
205	48	0
758	490	0
14	301	0
110	177	3
471	126	0
529	205	0
584	130	6
547	81	0
302	0	0
456	493	0
385	201	0
219	30	0
230	658	0
765	765	4
465	123	0
340	435	0
126	83	0
523	5	0
483	483	4
89	607	4
162	152	0
356	415	0
27	27	4
689	473	0
248	98	0
151	478	16
561	463	7
132	30	8
632	46	7
473	366	0
661	661	0
702	603	0
61	61	4
331	3	6
116	113	16
538	446	0
118	34	0
220	136	0
140	725	0
681	116	0
319	36	7
766	766	4
51	14	0
257	451	0
67	447	0
239	611	6
154	120	0
119	471	6
6	238	0
97	235	0
477	54	0
198	483	3
59	50	0
258	262	0
577	322	0
40	161	0
81	596	0
159	67	0
83	21	4
726	122	0
312	54	0
596	376	0
253	5	0
42	576	0
428	428	4
208	145	0
362	69	0
456	218	0
767	768	4
501	493	0
87	37	4
5	219	0
769	579	0
199	198	0
366	82	6
401	572	0
210	488	0
302	78	0
396	14	2
392	120	4
193	517	0
705	121	0
224	291	0
13	341	0
201	70	6
770	211	0
117	215	0
247	162	0
449	575	12
367	134	0
66	771	4
166	724	0
23	204	0
471	471	4
203	301	0
393	39	0
597	584	0
435	457	0
117	8	4
184	305	0
235	205	0
357	140	0
203	463	0
695	596	0
772	549	0
8	773	1
220	169	0
774	308	12
117	117	25
752	227	7
61	29	6
177	380	3
79	222	0
479	487	6
61	16	0
216	65	0
369	149	0
390	390	4
132	280	0
37	237	0
263	162	0
509	164	0
775	349	0
776	235	0
25	384	0
152	241	12
373	99	0
281	344	0
763	777	0
379	96	0
126	249	0
119	30	0
251	609	3
327	222	0
287	346	0
113	70	0
247	579	0
450	389	8
609	332	0
438	205	0
454	593	0
495	38	0
750	32	0
141	467	4
610	159	0
73	123	6
25	509	0
707	772	0
92	151	0
384	164	0
329	428	0
382	81	0
31	123	0
522	327	0
763	524	0
70	118	0
181	236	0
568	568	4
61	228	0
136	61	0
294	505	0
45	509	0
306	67	0
778	213	9
266	219	0
160	160	4
237	137	0
26	38	7
431	73	0
159	299	6
779	779	4
634	219	0
92	82	0
630	719	0
149	302	4
165	165	4
81	213	2
91	75	0
361	36	7
327	77	0
12	648	0
584	526	0
109	28	0
83	203	4
163	232	0
129	305	6
776	92	0
53	575	0
404	226	0
376	513	0
256	28	0
305	79	0
780	376	0
25	30	0
109	115	0
117	70	3
331	3	0
279	67	0
363	127	0
212	219	0
30	101	0
91	385	0
170	13	0
307	57	0
302	5	0
515	345	0
627	30	0
307	307	4
23	40	4
781	781	4
201	23	0
39	113	0
596	393	0
369	492	0
185	81	0
17	252	6
35	62	12
212	88	0
198	483	0
156	59	0
30	132	0
782	369	0
621	10	0
736	263	0
382	82	0
688	688	4
548	466	0
75	54	0
495	349	0
381	196	0
548	70	0
117	5	0
29	159	6
781	781	0
169	263	0
233	85	0
424	205	0
252	238	1
14	114	0
500	464	0
117	112	0
91	132	0
783	243	0
621	236	0
168	168	4
137	82	0
173	28	0
160	243	0
194	462	0
369	38	0
357	17	0
538	385	0
175	404	4
734	415	0
98	291	0
327	123	0
382	8	1
308	61	0
235	241	0
603	586	0
53	53	4
201	445	0
595	36	7
151	274	0
223	99	0
253	134	0
132	81	8
69	674	0
16	587	0
698	174	0
19	81	0
642	401	0
73	369	0
219	143	15
387	96	0
463	12	0
105	280	0
360	54	7
456	445	0
357	207	0
136	428	0
208	260	0
257	256	0
180	211	0
495	312	0
110	110	8
53	256	0
784	784	4
204	204	4
5	30	0
386	315	0
456	602	0
528	416	0
253	3	0
239	127	0
198	243	0
194	54	7
203	285	0
450	149	0
66	376	0
287	84	0
277	775	0
222	29	0
554	18	0
233	340	0
614	509	2
548	435	0
385	184	6
220	144	0
376	177	0
785	785	4
61	65	0
94	429	0
85	46	7
115	109	0
786	787	0
305	159	6
222	97	0
593	205	0
67	122	0
749	215	12
40	684	0
420	468	0
147	31	0
740	740	4
643	66	0
647	647	4
61	18	0
32	65	0
2	161	0
57	379	0
54	70	0
147	385	0
13	405	4
513	228	0
377	309	0
170	633	0
600	509	0
477	603	7
566	182	0
34	404	8
64	701	0
263	523	1
167	222	0
96	117	0
563	128	0
71	464	0
113	126	0
156	160	0
412	2	0
212	54	0
77	179	0
780	92	0
230	376	0
344	344	4
173	82	0
788	788	4
314	512	0
256	611	6
715	219	0
81	260	3
486	29	0
95	233	0
121	21	0
149	97	0
262	602	0
3	684	0
392	5	0
415	211	0
785	132	9
6	23	0
77	125	0
318	70	0
125	23	0
205	362	0
267	147	0
260	81	3
789	789	4
147	285	0
34	82	6
403	183	0
64	162	0
208	376	0
70	228	0
24	212	1
699	629	14
76	2	7
491	299	0
790	70	0
90	621	0
534	392	0
641	351	0
147	36	7
575	115	4
59	144	0
504	23	0
223	308	5
791	308	6
164	509	0
186	157	0
175	308	1
110	285	0
341	54	12
238	252	0
250	159	0
325	483	0
54	376	0
44	219	0
614	401	0
409	467	0
357	16	1
115	421	1
706	233	0
67	376	0
267	319	0
62	35	7
41	41	4
40	67	0
318	78	0
204	72	0
72	619	0
113	25	7
159	64	2
53	340	0
123	5	0
287	232	7
125	376	0
584	36	7
523	771	0
619	361	0
123	522	0
475	241	0
413	28	8
84	502	0
61	130	0
331	624	0
61	752	1
28	1	19
400	147	0
172	402	4
178	394	8
132	127	8
160	218	0
156	152	0
53	415	6
376	169	4
302	149	4
84	413	0
549	208	7
584	36	0
141	420	0
651	500	0
428	123	0
517	324	0
713	245	0
18	38	0
415	415	6
554	714	0
479	122	6
160	96	0
559	120	0
627	312	0
156	566	4
562	243	0
53	85	0
203	2	0
384	263	0
201	194	0
144	638	0
54	161	0
222	792	0
87	78	0
261	99	8
92	195	0
253	97	0
105	208	0
395	24	0
161	552	4
492	461	0
439	213	0
460	90	2
279	37	0
169	8	0
94	544	0
37	230	7
340	233	0
496	440	7
115	92	0
51	209	0
724	21	0
549	479	0
102	14	0
478	274	0
385	54	7
193	142	0
192	440	6
356	192	0
236	73	4
471	175	6
570	84	0
147	793	0
553	529	0
318	126	7
611	611	4
204	243	0
509	39	0
92	621	6
499	69	0
125	72	0
67	523	0
379	663	0
319	65	0
223	219	0
482	70	0
64	162	8
25	341	0
454	351	4
318	513	0
350	350	4
20	121	2
308	308	4
5	36	7
194	464	0
67	5	0
99	308	0
317	121	0
164	120	0
444	411	0
219	150	0
547	81	6
535	376	1
325	121	0
443	443	7
195	162	0
284	28	0
44	362	0
30	28	0
280	66	0
132	146	0
63	63	4
14	168	0
98	209	8
523	455	0
151	502	0
235	211	7
535	331	0
132	117	4
278	393	3
566	456	0
362	67	4
93	158	0
253	513	0
113	143	7
435	83	0
450	29	6
187	98	0
224	633	4
297	794	0
373	491	0
299	196	0
381	315	7
184	357	0
159	336	0
278	338	0
26	59	4
16	450	0
82	308	8
378	82	0
301	343	0
156	319	0
215	106	0
658	132	0
204	313	7
251	605	0
403	305	0
704	2	7
552	322	0
616	616	4
207	404	6
566	215	7
479	445	6
113	60	7
314	222	4
120	178	25
102	494	0
465	450	0
91	298	0
194	5	0
675	336	0
428	263	2
415	126	0
136	136	4
48	256	0
625	291	0
18	223	0
161	602	0
350	708	0
188	462	0
133	146	0
297	232	7
714	229	0
101	101	4
249	248	0
520	162	4
44	105	0
471	130	3
365	245	2
299	392	0
245	245	4
795	54	7
299	447	0
371	371	4
58	362	0
237	114	2
741	741	4
159	252	0
223	61	0
709	492	0
372	372	4
113	94	4
156	57	0
188	101	0
82	235	0
138	127	4
203	121	0
796	627	8
526	334	0
29	17	6
353	28	0
192	154	0
378	148	16
54	164	6
409	54	7
141	141	4
684	108	8
96	160	0
76	2	0
203	152	0
126	452	0
325	209	0
308	201	0
203	481	0
704	93	0
87	729	16
249	467	1
242	208	0
263	444	0
424	152	0
185	140	0
299	299	7
668	573	0
301	423	4
655	655	4
224	108	0
203	466	0
405	36	7
37	457	0
291	633	0
120	35	7
561	46	7
222	123	0
36	159	6
689	67	0
340	274	0
173	173	4
471	30	0
111	451	0
321	54	7
751	751	4
419	366	6
23	82	0
179	3	0
140	322	0
393	232	7
677	241	12
482	452	0
71	362	0
400	316	0
219	648	20
265	289	4
46	216	6
132	278	8
70	70	11
219	21	15
21	20	22
413	413	4
81	34	3
14	145	0
281	54	7
612	36	7
491	35	0
203	379	0
538	499	0
429	94	0
410	280	0
646	3	0
318	141	0
114	291	6
152	716	0
546	121	0
204	312	0
119	227	7
460	90	0
662	203	0
14	341	0
596	382	5
707	38	0
119	364	0
548	548	4
759	70	0
201	707	0
44	44	4
136	479	0
223	509	0
42	82	0
641	219	0
666	90	12
99	123	0
95	150	0
175	226	0
105	190	2
291	224	1
106	588	0
385	122	6
623	205	0
445	366	0
698	162	2
242	280	0
714	75	0
223	175	6
203	307	0
21	84	8
566	566	25
6	3	0
208	82	6
78	159	4
18	18	4
220	147	0
205	152	0
219	382	15
476	50	0
226	265	4
664	30	0
740	232	7
245	69	0
178	187	0
73	73	4
3	6	0
232	249	8
17	16	0
219	385	15
204	201	0
715	218	0
264	38	0
26	57	0
236	236	4
429	452	0
627	502	0
495	502	0
537	276	8
797	797	4
76	679	0
527	470	0
124	798	0
28	176	0
685	685	4
409	349	0
155	301	0
156	280	0
476	593	0
9	549	0
799	126	0
251	122	0
130	78	6
392	315	7
325	523	0
417	348	4
104	205	0
126	113	0
365	396	0
176	28	0
327	29	6
276	78	2
218	40	4
800	168	0
92	621	0
683	683	4
189	162	0
152	205	0
248	77	0
174	88	0
702	263	0
568	261	12
6	611	0
83	419	0
661	186	6
321	54	0
83	215	7
130	471	0
126	376	0
715	345	7
132	182	0
626	396	0
272	384	6
111	751	7
408	411	0
256	376	0
126	201	4
504	32	6
16	78	1
13	211	6
159	182	0
792	29	0
159	123	3
307	232	7
409	315	7
412	39	2
161	367	0
9	422	0
194	82	6
26	125	0
130	471	3
230	378	0
377	14	0
318	46	7
409	5	0
156	431	0
801	801	4
338	338	4
56	298	0
132	385	4
67	64	0
396	396	4
578	578	4
44	170	0
540	26	0
214	614	0
701	785	0
337	487	6
54	54	4
219	440	6
175	99	0
802	99	8
427	313	7
87	65	0
174	404	6
62	116	0
432	327	0
404	213	0
16	357	0
435	138	0
308	522	0
89	152	0
357	16	3
278	393	1
81	376	0
467	420	0
382	78	26
147	219	0
51	14	4
382	570	0
331	164	6
249	162	0
83	83	4
75	218	0
714	366	0
102	61	0
126	156	0
65	160	0
530	123	6
230	150	0
327	370	0
520	121	4
187	256	0
325	208	0
278	65	0
523	369	0
229	25	5
693	751	0
803	109	0
621	385	0
14	377	0
262	218	0
29	109	0
570	596	6
649	649	4
131	596	0
593	299	0
4	46	7
804	256	0
346	46	7
102	341	6
269	435	0
491	77	0
596	570	0
99	18	6
438	152	0
156	125	0
531	219	0
607	447	0
314	289	4
543	296	0
314	511	7
3	477	0
243	431	0
393	340	0
179	73	6
150	346	7
3	684	4
559	440	0
13	73	0
9	8	1
133	338	6
213	213	4
285	5	0
130	471	1
636	385	0
125	362	0
78	252	6
6	596	0
201	97	0
45	107	0
80	80	4
120	25	0
187	178	0
437	126	0
318	492	0
483	30	0
327	427	0
566	247	0
16	97	0
340	393	4
321	440	8
51	384	0
178	391	0
756	298	0
48	158	0
159	175	0
786	786	4
194	67	0
99	261	22
17	61	0
447	159	0
105	422	0
205	66	0
570	263	8
345	515	1
349	245	0
241	136	0
575	350	0
6	611	6
363	363	4
618	83	0
162	380	0
99	78	6
562	153	7
240	415	6
201	156	0
308	193	0
553	280	0
29	65	0
71	420	0
3	98	0
84	611	6
53	95	0
805	469	12
331	624	1
114	161	0
549	549	8
254	98	0
115	343	0
305	215	0
271	271	4
484	423	0
357	227	0
122	5	0
806	298	0
593	593	4
553	72	0
94	181	0
126	121	0
162	36	7
162	162	4
499	239	6
687	687	0
219	34	0
156	81	0
307	184	0
104	104	4
493	493	4
209	209	4
18	147	0
188	81	0
429	479	0
531	150	0
364	27	0
636	132	0
8	509	0
287	147	0
305	36	7
222	574	0
431	309	0
242	110	0
30	350	0
32	28	0
173	123	0
181	94	0
790	54	7
160	280	0
215	140	13
299	29	6
219	133	15
206	491	0
739	237	0
394	263	0
147	299	0
92	132	0
162	349	0
536	536	4
116	376	0
664	122	0
770	236	0
109	575	0
190	287	0
126	117	0
378	378	4
562	160	0
238	470	6
125	536	0
790	54	0
94	488	0
533	366	6
704	363	7
431	127	0
60	126	0
807	36	0
21	256	13
99	83	0
293	161	0
541	120	0
59	152	0
384	272	0
378	324	0
115	115	4
219	5	1
181	181	4
148	284	16
23	30	0
632	463	0
71	305	0
365	626	6
644	644	4
78	252	0
522	378	0
19	35	7
191	583	0
201	417	0
34	280	0
343	546	0
232	305	0
31	414	0
40	40	4
81	175	6
219	485	20
443	443	4
308	182	0
200	177	0
73	427	0
156	509	0
83	214	0
630	13	0
69	70	0
287	133	0
235	222	0
82	751	7
440	305	4
237	13	2
504	504	4
121	161	0
206	121	0
655	196	0
417	473	4
294	701	0
602	99	6
242	54	7
636	556	0
148	28	0
610	610	4
491	147	0
132	36	7
524	524	4
162	466	0
159	205	0
500	64	0
230	739	0
388	12	0
777	114	22
308	121	0
517	208	0
285	124	7
252	536	0
320	38	0
390	394	0
373	147	0
122	287	4
94	25	2
360	299	0
180	181	4
378	699	0
126	36	7
37	378	6
284	67	0
76	485	0
228	516	18
194	101	0
115	575	11
107	42	6
369	132	0
83	440	0
123	574	6
124	124	4
238	752	0
311	10	4
526	276	0
357	18	0
159	389	6
83	305	0
400	746	0
119	470	0
83	285	0
72	69	4
318	227	0
156	603	7
233	713	0
56	147	0
506	162	0
382	164	0
306	152	0
513	280	0
105	544	6
260	105	1
324	341	0
305	118	0
501	305	0
140	560	0
81	81	4
373	373	4
40	312	0
806	806	4
627	511	0
99	223	2
11	120	0
405	405	4
201	318	4
64	462	0
530	175	0
417	23	0
462	194	0
428	60	6
82	66	0
4	364	0
117	169	0
160	502	0
322	601	4
376	73	0
744	808	0
136	318	0
501	396	7
346	30	0
785	701	0
286	85	0
315	315	4
369	261	0
737	105	0
61	136	0
199	141	0
97	31	0
109	519	0
316	151	0
93	515	0
404	175	0
401	362	0
609	609	4
158	69	0
204	376	0
223	82	0
300	300	4
130	685	0
586	233	0
142	16	0
477	25	0
194	195	0
253	18	0
415	423	0
556	211	6
523	237	0
635	37	0
220	379	0
400	415	0
310	241	12
220	254	0
283	140	0
12	150	0
386	127	0
5	351	0
105	16	0
95	147	0
95	233	4
175	223	3
235	211	0
371	123	6
304	30	0
301	301	4
263	81	0
6	175	0
597	658	0
13	253	2
529	67	0
3	551	0
242	783	0
90	57	0
132	287	0
264	392	0
130	78	0
242	809	0
195	420	0
523	205	0
34	113	0
66	67	0
232	59	0
25	234	0
98	513	4
278	550	0
270	485	0
38	38	4
409	305	0
396	3	7
413	138	0
570	571	0
465	226	0
132	658	0
673	211	6
146	213	1
387	28	0
359	241	12
593	476	4
677	610	0
105	452	0
459	61	8
105	58	0
284	82	0
665	226	0
282	283	0
796	627	0
130	685	6
61	17	0
648	21	6
716	716	4
201	13	0
228	516	0
31	549	0
45	394	0
220	220	4
528	149	0
67	488	0
455	351	0
589	589	4
117	315	7
261	614	4
102	438	0
403	663	0
312	147	0
156	198	0
359	369	0
336	202	0
78	207	0
108	147	0
595	217	0
320	351	0
82	522	6
136	121	0
278	140	0
250	205	0
620	147	0
91	216	8
34	376	0
57	46	7
493	218	0
696	696	4
369	467	0
491	121	0
49	5	0
109	384	0
69	218	0
503	54	0
162	73	0
126	127	4
393	596	0
558	522	0
102	341	0
172	38	0
75	107	0
473	201	0
467	141	4
115	740	0
428	65	0
201	431	0
220	339	0
450	450	4
308	29	0
224	626	8
216	216	4
179	179	4
156	65	0
230	253	8
249	467	0
235	121	0
675	393	8
602	36	7
710	291	8
552	492	0
201	274	0
187	164	0
96	54	7
318	162	0
82	308	0
361	36	0
71	253	0
280	162	0
161	23	0
54	105	0
109	298	0
23	125	0
94	290	0
598	82	0
446	73	6
8	339	1
595	291	6
44	649	0
42	42	4
44	125	0
549	493	0
317	502	0
113	363	7
620	147	16
81	30	0
60	810	0
427	117	0
16	121	0
393	132	0
131	140	0
453	385	0
356	46	0
413	66	8
245	178	0
8	95	0
55	71	0
561	36	0
317	203	0
811	811	4
491	213	0
8	9	0
117	18	4
30	137	8
79	182	0
483	199	6
385	132	0
532	299	2
632	431	0
61	30	0
300	509	0
629	629	4
308	38	0
203	619	0
63	111	6
224	616	0
222	314	0
37	314	0
628	287	0
4	218	0
54	192	6
92	306	0
62	182	0
597	597	4
236	42	0
267	23	0
81	596	1
654	91	4
219	120	6
82	415	0
219	75	0
219	247	0
496	289	0
362	21	0
147	36	0
605	298	0
236	236	0
738	232	7
672	312	0
25	812	0
72	360	0
236	74	0
109	82	0
126	580	0
813	232	0
67	429	0
13	630	0
406	299	0
455	429	0
136	134	0
536	77	0
73	236	4
42	82	8
548	548	8
132	156	0
214	120	0
814	814	4
87	457	0
203	345	7
212	423	0
99	280	0
22	214	0
631	73	6
440	29	6
544	384	0
113	113	4
565	82	0
325	265	0
553	611	6
21	21	4
513	54	7
694	379	0
366	475	4
384	226	0
29	29	4
142	193	4
321	70	0
136	329	6
145	14	0
792	701	0
665	695	4
254	125	0
301	376	0
105	165	4
315	140	13
207	305	6
73	161	0
30	225	6
132	30	3
141	142	4
662	219	0
109	232	0
42	66	0
566	57	8
412	2	6
815	815	4
39	66	0
184	299	6
115	575	0
161	177	0
115	575	4
197	312	0
409	70	0
401	214	0
160	145	0
382	112	0
69	529	0
274	205	0
201	313	2
184	466	0
123	574	0
232	64	0
242	90	0
816	499	0
374	132	0
159	100	0
331	531	0
672	219	0
215	147	7
297	13	0
123	522	1
762	461	0
256	257	0
401	401	4
237	534	4
817	70	0
134	136	0
363	126	0
336	105	0
46	467	0
99	123	6
351	215	0
177	236	0
415	219	0
99	38	0
42	73	0
123	792	1
598	298	0
324	36	0
458	42	0
187	65	0
566	751	7
330	531	0
80	658	6
185	229	0
201	160	8
320	36	0
318	392	0
495	261	0
737	627	0
28	28	4
126	377	0
503	503	4
662	21	0
408	467	0
218	619	4
565	70	0
536	124	7
238	121	0
279	226	0
84	21	0
96	51	0
113	54	7
385	93	4
360	57	0
548	435	6
692	61	0
234	153	7
73	74	0
485	415	0
636	636	4
657	483	0
64	301	0
444	467	0
4	201	0
82	28	0
116	98	0
162	113	0
71	376	0
150	457	0
220	285	0
81	34	1
132	132	4
475	511	7
548	146	0
431	298	0
721	158	0
121	160	0
543	685	0
3	3	4
470	470	4
262	99	0
14	218	0
131	280	0
92	159	0
49	205	0
646	73	0
6	105	0
159	123	1
223	308	4
46	240	6
670	173	0
3	95	0
335	30	6
808	22	0
352	116	0
818	818	4
596	81	3
401	154	0
534	311	0
705	208	0
752	238	0
162	76	6
435	46	7
79	226	4
171	677	6
387	60	0
294	232	7
559	54	0
306	205	0
275	36	7
819	820	8
307	203	0
527	471	0
221	167	0
164	396	0
82	338	0
415	400	0
21	515	0
752	752	4
569	569	4
526	130	6
262	802	0
201	161	0
374	29	6
70	73	0
473	31	0
109	232	7
299	126	0
403	287	0
337	211	6
169	44	4
743	57	0
395	477	0
34	150	0
287	25	27
416	675	0
621	90	0
49	280	0
403	73	1
102	253	8
347	99	0
633	224	0
466	54	7
44	177	0
403	123	0
777	114	0
724	724	4
821	331	0
90	822	0
252	227	0
378	284	0
364	220	0
25	120	0
22	298	0
13	197	0
140	161	0
823	823	4
82	308	6
544	457	0
337	64	0
102	227	7
419	88	0
64	104	4
359	707	12
551	551	4
293	65	0
609	362	0
495	679	0
317	200	0
342	318	0
258	38	0
530	315	0
45	37	0
162	236	0
213	402	6
548	529	0
169	177	0
16	207	0
73	28	0
411	411	4
824	697	12
147	233	0
253	77	0
149	18	0
256	82	6
187	218	0
29	574	6
235	122	0
825	9	0
75	13	0
109	182	0
3	611	0
442	188	15
177	110	0
8	590	4
729	87	12
115	189	0
158	276	0
620	226	0
237	513	0
84	294	6
153	153	4
57	301	0
117	46	7
451	345	0
290	72	0
714	120	0
46	346	4
287	263	0
37	378	0
102	237	22
412	586	0
152	574	0
499	196	0
404	190	2
44	319	0
262	261	0
217	217	4
48	205	0
362	66	4
318	226	0
217	826	4
237	247	0
354	634	0
210	232	7
396	626	0
25	440	0
358	63	6
142	389	0
71	71	4
113	116	4
374	123	0
575	362	0
450	110	0
81	34	0
78	473	0
25	27	0
34	105	1
42	384	0
465	153	0
632	114	0
463	632	4
53	362	0
357	97	0
99	369	8
396	164	4
159	809	0
513	162	0
159	226	0
580	70	12
50	593	0
544	16	0
293	350	0
30	502	0
411	301	0
728	219	0
318	143	0
278	278	4
76	476	4
125	125	4
89	89	4
799	70	0
315	315	0
546	219	0
132	149	4
431	247	0
416	35	7
327	57	0
305	207	0
387	387	4
165	121	0
225	270	0
131	213	2
1	28	0
64	67	0
446	446	4
601	262	12
328	218	0
54	197	0
16	731	0
675	393	0
362	116	0
84	224	0
363	109	0
416	5	4
228	120	6
349	309	0
141	65	0
375	375	4
411	141	0
783	243	4
569	143	7
204	66	0
467	307	4
499	499	4
39	218	0
45	566	0
127	672	4
54	538	0
340	443	0
42	13	1
105	105	4
438	151	0
479	429	4
60	201	0
188	350	0
467	249	1
83	82	0
56	376	0
551	140	0
252	263	0
116	236	0
549	21	6
476	476	4
198	313	7
16	66	0
406	405	0
228	366	6
342	90	0
792	73	0
133	457	0
9	90	0
137	663	0
564	50	4
166	121	0
16	357	3
263	54	7
121	520	4
54	69	0
64	5	0
403	70	0
136	241	0
403	56	0
392	492	0
66	153	0
220	526	0
256	694	2
289	401	8
404	175	6
240	576	0
8	78	27
3	3	7
85	301	0
120	154	0
403	471	0
378	739	0
357	17	1
57	150	0
165	652	2
3	40	0
345	21	0
37	201	0
1	1	4
393	324	0
280	301	0
260	62	6
223	261	4
532	575	2
471	61	0
219	50	15
622	437	0
32	619	0
140	318	0
827	827	4
83	340	0
602	828	8
829	829	4
205	159	0
37	151	3
91	237	0
305	182	0
327	65	0
491	308	6
4	161	4
706	263	0
253	319	0
20	121	0
120	70	0
73	362	0
2	122	0
53	492	0
46	415	6
81	362	0
798	37	0
175	314	0
75	196	0
72	28	2
247	237	0
557	211	0
123	205	0
55	281	0
85	3	7
635	635	4
253	322	0
6	29	0
319	98	0
96	331	0
61	121	0
515	280	0
605	660	4
404	473	0
254	105	0
219	299	15
356	301	0
62	536	0
196	530	6
211	143	0
236	123	6
16	161	0
9	187	8
223	93	0
207	450	6
384	96	0
287	155	0
232	55	0
195	454	0
212	640	0
213	98	0
158	72	0
38	218	0
78	227	0
39	256	0
621	57	0
98	107	0
83	450	0
581	581	4
131	131	0
37	178	0
159	79	0
743	266	0
24	3	0
208	13	0
222	205	0
763	108	7
37	76	8
64	36	7
159	252	6
149	213	0
595	363	7
305	83	4
335	335	4
109	123	6
168	420	0
97	66	0
321	226	0
233	341	0
620	46	7
392	127	0
49	308	0
528	161	0
247	585	0
680	680	4
660	263	4
149	205	0
34	82	0
357	34	0
18	535	0
830	98	0
831	561	0
498	498	4
570	570	4
225	663	0
370	327	6
294	63	0
403	182	0
56	194	0
382	382	4
409	116	0
307	109	0
151	424	6
699	28	0
813	813	4
294	203	0
385	5	6
40	597	4
448	126	0
289	427	0
79	78	0
184	65	0
84	491	0
832	46	7
117	452	0
590	35	7
156	132	0
833	232	7
600	30	0
360	420	0
559	105	0
456	487	6
132	511	7
73	236	1
201	125	0
49	120	0
126	10	0
439	126	0
71	73	0
280	566	0
577	577	4
523	554	4
137	114	0
370	83	6
64	201	0
450	66	0
299	2	7
125	108	0
483	610	0
571	36	7
54	114	22
200	50	0
327	121	0
755	90	0
804	36	7
57	186	0
499	229	0
565	701	0
404	175	4
834	834	4
57	287	0
578	21	12
698	13	6
483	610	4
570	596	2
299	184	0
8	184	0
93	219	0
376	59	4
111	63	7
156	16	0
670	213	0
236	235	0
62	36	7
450	376	0
6	190	0
393	152	0
175	186	6
666	90	0
438	28	0
360	662	0
246	12	0
129	350	0
5	113	0
83	291	0
30	116	0
417	53	0
31	427	0
317	2	7
679	495	0
791	421	1
3	73	0
416	90	0
471	78	0
393	81	0
393	188	15
18	582	0
159	613	0
626	256	0
439	282	0
258	18	6
270	162	0
55	243	0
204	69	0
121	104	4
67	94	0
496	97	0
290	311	2
142	632	0
265	280	0
403	226	0
53	570	0
425	369	0
601	262	0
625	65	0
168	313	7
64	324	0
596	702	4
125	53	8
113	396	0
23	65	0
489	442	12
82	226	0
123	221	0
392	714	0
318	236	0
541	540	0
483	198	0
156	763	0
491	260	0
492	392	0
596	571	0
431	671	4
114	13	6
179	3	2
505	535	0
124	95	0
225	473	0
60	218	0
67	161	0
831	831	4
387	294	0
684	378	6
6	232	0
62	544	0
449	575	0
415	415	4
13	42	8
776	92	12
445	362	0
147	161	0
122	429	0
203	206	4
199	376	0
409	113	0
60	19	1
147	612	0
258	18	0
123	159	6
3	162	0
791	232	0
203	57	0
275	5	0
581	198	7
109	353	6
347	572	0
83	435	4
537	537	4
122	66	0
151	159	0
290	69	0
137	182	0
235	149	0
798	798	4
564	54	7
531	299	0
559	287	0
256	308	6
94	54	0
206	145	0
626	218	0
198	30	0
258	73	6
450	524	0
648	12	25
249	232	1
316	538	0
412	5	0
345	55	0
385	5	2
384	83	0
471	457	0
177	322	0
105	452	7
457	202	0
526	584	16
148	378	16
238	130	0
119	130	0
278	376	0
417	113	0
785	132	0
179	234	0
232	205	0
641	67	0
575	237	0
3	54	0
473	473	4
266	266	0
630	121	0
320	320	4
777	777	4
369	23	0
253	30	6
69	203	6
126	147	0
117	409	8
74	369	0
61	60	0
242	152	0
200	137	0
78	226	0
27	364	12
409	102	0
90	687	0
122	376	0
658	256	0
477	54	7
323	118	0
554	208	0
121	496	0
287	384	0
87	385	0
224	13	1
81	490	0
246	246	4
85	12	0
26	156	0
40	39	4
645	30	12
133	559	6
239	159	0
219	64	15
393	205	0
201	36	7
73	143	2
175	70	0
401	162	0
115	386	4
549	366	6
144	13	0
487	276	0
404	207	0
389	389	4
369	142	0
47	92	0
91	250	0
260	105	0
154	32	0
229	192	6
374	374	0
254	267	0
466	492	0
402	382	5
92	453	0
54	559	0
254	243	0
219	81	0
62	260	0
369	142	4
81	161	0
3	305	0
717	717	4
109	118	0
374	48	0
432	809	0
81	349	0
360	360	4
203	133	0
273	531	0
277	559	17
278	150	0
305	315	0
462	479	0
66	280	0
97	224	8
117	136	0
565	351	0
356	36	7
81	90	2
596	382	15
130	129	0
23	85	0
782	331	12
384	65	0
27	243	0
429	447	0
60	258	0
503	13	0
201	235	0
72	28	0
70	341	1
32	155	0
18	62	0
241	193	0
254	502	0
21	21	2
304	278	0
18	226	0
132	126	0
96	18	0
593	586	4
739	739	4
81	331	0
82	701	0
218	603	7
389	226	0
611	551	6
54	102	0
227	79	0
54	3	0
34	450	1
710	419	0
299	123	6
230	362	0
204	70	0
579	247	4
750	122	0
249	113	0
404	223	1
21	256	4
568	56	6
40	3	0
241	136	4
70	70	23
701	123	6
13	107	8
357	78	0
88	559	6
174	423	0
90	311	0
286	236	0
159	89	0
532	532	4
299	675	12
412	298	0
131	490	2
219	28	6
438	274	0
94	94	2
60	329	0
835	232	7
162	177	0
91	332	0
23	125	4
117	432	0
403	57	0
60	141	0
252	150	0
499	54	7
86	155	0
79	511	7
136	310	0
10	311	4
34	34	18
268	199	7
69	72	0
45	134	0
166	165	0
109	305	0
117	351	0
596	450	0
78	97	0
32	122	0
201	90	0
29	222	0
439	265	0
405	505	0
318	61	0
523	299	0
140	265	0
241	96	4
67	362	0
596	81	1
113	116	0
161	298	0
228	228	14
563	547	0
297	215	0
14	140	0
382	201	0
95	502	0
530	245	0
115	362	0
551	3	0
393	443	0
371	175	6
23	376	0
96	241	4
140	322	4
299	36	0
9	339	0
109	29	0
438	159	0
128	393	0
94	36	7
196	228	0
109	353	0
122	36	7
201	337	0
109	363	0
427	265	0
393	77	0
400	313	7
242	95	0
624	261	0
273	46	7
768	768	4
660	605	4
415	364	0
499	440	0
299	311	0
27	603	0
261	262	0
654	216	0
25	94	0
342	90	12
294	130	0
241	298	0
317	345	0
107	13	5
232	443	0
256	99	4
468	467	0
25	121	0
132	513	0
470	471	7
89	447	0
109	226	0
30	285	0
201	313	0
278	77	0
31	127	0
294	182	0
731	16	0
293	65	13
271	571	7
451	566	0
118	118	4
261	72	0
56	56	4
479	83	6
491	802	6
111	78	0
272	272	4
310	136	0
305	196	0
214	385	0
619	402	6
195	219	0
269	118	7
57	110	0
552	552	4
7	66	0
284	123	6
3	150	0
149	409	0
431	113	4
432	704	4
38	147	0
357	78	1
92	326	0
110	177	0
13	42	24
60	340	0
491	99	6
77	280	0
273	273	4
796	511	7
53	747	2
382	509	0
32	248	0
663	226	0
676	96	0
255	699	12
542	757	0
776	149	0
79	30	0
409	290	0
24	212	0
30	280	0
701	173	6
44	150	0
78	82	0
105	238	0
399	114	15
12	240	6
466	30	0
151	385	0
39	570	1
30	161	0
53	69	0
219	56	15
393	92	0
376	462	0
266	30	0
433	226	12
152	104	0
331	331	4
156	121	0
275	205	0
149	189	4
217	114	0
687	687	4
570	5	0
493	287	6
438	67	0
81	219	3
25	24	0
243	763	0
152	152	4
142	207	0
26	248	0
431	671	0
72	280	0
543	173	0
701	213	0
117	16	0
453	298	0
154	317	0
252	247	22
202	253	0
109	28	6
804	208	0
2	401	0
258	502	0
91	216	0
4	627	0
122	664	0
836	196	4
271	619	0
291	291	4
70	161	0
182	656	0
417	125	0
419	710	4
289	313	7
115	297	0
596	389	6
286	78	0
783	251	0
42	28	0
162	116	0
702	287	0
393	272	0
162	30	0
70	217	0
242	233	0
404	82	8
671	218	0
93	218	0
362	152	0
153	1	0
159	574	0
120	2	0
369	201	0
64	232	0
252	30	0
241	369	0
13	633	0
247	742	0
218	120	0
194	285	0
582	530	0
37	124	0
211	211	4
71	134	0
113	193	4
159	227	0
205	232	0
36	793	0
159	150	0
205	67	0
837	837	4
87	378	0
385	67	6
289	314	0
81	247	0
218	515	0
141	193	0
42	13	0
666	331	12
256	218	0
770	770	4
215	351	0
119	331	0
386	297	0
21	83	6
260	260	4
787	786	0
32	576	0
493	72	0
96	96	4
318	54	7
64	120	0
491	701	6
178	37	0
224	13	0
793	36	7
466	109	0
356	699	0
219	527	20
428	741	2
377	366	0
140	125	0
152	159	4
671	13	6
61	471	3
220	376	0
830	128	0
143	211	6
437	338	0
142	175	0
603	3	0
195	479	0
317	317	4
530	530	4
838	258	0
123	374	0
201	382	0
314	79	0
431	550	0
534	270	0
715	714	0
275	263	0
436	511	7
94	65	0
115	274	0
102	70	0
63	201	0
53	392	0
806	189	0
69	321	6
140	509	0
294	294	4
252	188	0
8	382	1
465	308	0
217	36	7
699	36	7
169	392	0
159	447	0
305	78	0
3	147	0
417	348	0
34	28	0
493	173	6
137	109	0
229	640	0
64	417	0
421	232	0
568	149	0
175	404	0
225	219	0
262	509	0
242	230	0
151	519	0
74	73	0
384	302	0
632	12	0
658	132	8
156	427	0
671	158	0
76	75	0
362	445	0
635	91	0
762	762	4
522	522	4
567	211	0
136	119	0
62	16	6
201	698	8
478	151	0
499	321	6
3	535	0
289	496	8
328	203	6
337	67	0
627	547	1
219	122	15
39	299	0
389	322	0
159	376	0
258	214	4
201	18	0
697	697	4
81	121	0
336	335	1
74	513	0
109	575	2
663	182	0
526	57	0
793	793	4
54	186	6
262	223	4
502	218	0
558	522	4
262	239	0
500	378	0
14	114	22
559	582	0
13	114	0
21	82	6
203	340	0
746	400	0
533	714	0
229	287	6
792	123	0
385	5	0
432	550	0
258	258	4
777	21	0
454	455	0
8	78	26
293	189	0
141	308	4
95	3	0
102	134	0
156	182	4
826	164	0
471	97	0
223	175	3
379	663	4
81	596	3
385	274	0
575	115	0
535	376	0
779	325	0
126	338	6
188	173	6
223	36	7
739	247	0
25	351	0
287	743	0
241	714	0
130	685	1
630	446	19
839	279	0
840	36	7
841	80	12
99	223	28
339	296	28
54	25	28
842	842	4
354	843	0
844	122	0
845	845	4
846	290	0
847	847	4
848	848	4
849	54	7
846	846	4
663	850	4
95	851	4
852	515	0
853	403	0
854	854	4
842	596	0
67	121	0
7	109	0
356	584	0
284	511	7
293	70	0
356	36	7
805	280	0
324	113	0
81	219	1
730	834	4
39	267	0
287	376	0
663	324	0
20	456	8
457	133	0
94	429	0
763	243	0
532	532	0
112	70	0
438	152	0
109	126	0
403	5	0
143	362	0
667	781	0
149	67	0
104	195	4
232	249	0
118	118	4
435	701	6
444	305	0
122	2	7
325	66	0
39	318	0
259	196	0
402	402	4
625	483	0
115	23	0
318	211	0
204	53	0
108	317	0
4	331	0
532	299	6
88	88	4
491	373	0
37	230	2
181	180	0
82	285	0
54	147	0
570	427	0
101	34	0
107	13	0
359	29	24
298	298	4
855	213	0
856	219	0
857	159	0
858	120	0
